100
2 3 2
1 1 1
2 1 1
2 1 2
3 2 3
4 4 1
98 2 92
14 7 1
100 9 12
2 2 1
100 1 1
42 11 3
6 16 2
19 10 12
3 1 2
22 9 3
100 4 24
11 1 11
24 1 21
71 3 5
4 3 1
4 1 4
11 5 9
2 3 1
86 7 74
9 3 1
100 1 99
3 3 1
1 3 1
100 9 11
3 21 2
11 17 1
21 9 8
100 1 100
100 2 50
4 29 2
42 1 41
31 2 19
4 29 1
67 4 59
53 2 22
27 5 27
3 2 1
14 7 2
3 4 1
3 2 2
19 7 9
3 37 1
80 8 9
1 100 1
1 92 1
72 6 27
27 11 3
40 10 40
7 4 4
80 8 10
88 4 50
4 1 3
35 2 19
34 4 14
100 4 25
100 3 33
2 59 1
80 9 70
7 10 2
1 17 1
21 6 15
4 2 2
42 11 4
3 26 1
10 5 1
100 3 34
100 2 49
35 3 1
58 6 49
63 10 16
80 2 21
3 1 3
93 8 60
10 5 2
42 1 42
17 1 3
28 3 11
2 10 2
11 6 4
15 10 3
42 5 23
1 2 1
2 4 1
10 18 1
11 1 10
1 4 1
4 3 2
70 6 23
24 13 16
77 9 14
46 5 10
1 16 1
4 2 1
26 4 16
