100
2 3 2
1 1 1
2 1 2
3 2 3
72 1 72
2 23 2
62 5 62
1 4 1
62 6 62
26 5 26
31 1 31
64 4 64
2 21 2
28 3 28
76 9 76
3 37 3
80 8 80
89 7 89
40 9 40
94 7 94
73 8 73
10 18 10
20 3 20
99 5 99
5 2 5
69 7 69
4 3 4
55 8 55
10 5 10
5 14 5
34 3 34
40 3 40
24 1 24
14 7 14
3 4 3
1 19 1
60 2 60
3 1 3
1 90 1
11 4 11
4 2 4
58 8 58
100 3 100
74 2 74
42 7 42
24 13 24
32 10 32
77 9 77
4 4 4
1 57 1
68 5 68
95 8 95
43 3 43
9 5 9
7 19 7
1 65 1
76 8 76
22 1 22
2 4 2
23 4 23
74 3 74
1 100 1
28 1 28
1 72 1
3 10 3
36 3 36
77 1 77
1 2 1
1 18 1
3 3 3
43 7 43
80 3 80
98 6 98
88 9 88
2 2 2
26 11 26
100 1 100
2 28 2
18 5 18
45 2 45
84 9 84
93 5 93
4 29 4
16 12 16
96 8 96
4 1 4
100 9 100
25 4 25
100 2 100
12 6 12
4 11 4
1 40 1
97 2 97
1 3 1
74 6 74
100 4 100
20 11 20
67 2 67
2 59 2
11 1 11
