100
2 3 2
1 1 1
2 1 2
3 2 3
52 7 52
84 5 84
3 1 3
4 29 4
59 5 59
45 5 45
61 2 61
1 52 1
3 26 3
2 4 2
4 2 4
92 9 92
5 9 5
65 2 65
14 7 14
57 6 57
1 91 1
10 18 10
35 6 35
72 1 72
100 1 100
19 4 19
7 4 7
12 16 12
76 8 76
75 9 75
3 4 3
80 8 80
4 4 4
2 25 2
4 1 4
67 7 67
48 10 48
1 4 1
54 7 54
68 6 68
96 8 96
45 4 45
10 5 10
64 2 64
69 7 69
70 5 70
74 9 74
92 1 92
75 2 75
66 3 66
85 3 85
84 1 84
4 3 4
5 7 5
64 3 64
2 2 2
53 6 53
2 59 2
3 11 3
91 2 91
100 2 100
32 9 32
12 1 12
100 4 100
47 2 47
21 7 21
3 24 3
89 8 89
10 11 10
1 100 1
2 12 2
11 3 11
3 37 3
32 7 32
1 2 1
6 10 6
4 26 4
4 9 4
1 85 1
1 97 1
13 2 13
3 3 3
4 8 4
100 3 100
9 12 9
48 7 48
9 17 9
1 3 1
5 1 5
2 8 2
34 5 34
1 10 1
100 9 100
23 4 23
46 5 46
12 12 12
60 6 60
39 7 39
4 10 4
88 3 88
